当前路径为： 63 

_tmp_list 43 42 84 
第0次的open_list 43 42 84 
第0次删除后的open_list 43 42 
第0次的close_list 63 
当前路径为： 63 84 

_tmp_list 103 104 105 
第1次的open_list 43 42 103 104 105 
第1次删除后的open_list 43 42 103 104 
第1次的close_list 63 84 
当前路径为： 63 84 105 

_tmp_list 125 
第2次的open_list 43 42 103 104 125 
第2次删除后的open_list 43 42 103 104 
第2次的close_list 63 84 105 
当前路径为： 63 84 105 125 

_tmp_list 145 146 
第3次的open_list 43 42 103 104 145 146 
第3次删除后的open_list 43 42 103 104 145 
第3次的close_list 63 84 105 125 
当前路径为： 63 84 105 125 146 

_tmp_list 147 127 165 166 167 
第4次的open_list 43 42 103 104 145 147 127 165 166 167 
第4次删除后的open_list 43 42 103 104 145 147 127 165 166 
第4次的close_list 63 84 105 125 146 
当前路径为： 63 84 105 125 146 167 

_tmp_list 168 148 186 187 
第5次的open_list 43 42 103 104 145 147 127 165 166 168 148 186 187 
第5次删除后的open_list 43 42 103 104 145 147 127 165 166 148 186 187 
第5次的close_list 63 84 105 125 146 167 
当前路径为： 63 84 105 125 146 167 168 

_tmp_list 149 
第6次的open_list 43 42 103 104 145 147 127 165 166 148 186 187 149 
第6次删除后的open_list 43 42 103 104 145 147 127 165 166 148 186 149 
第6次的close_list 63 84 105 125 146 167 168 
当前路径为： 63 84 105 125 146 167 187 

_tmp_list 206 207 208 
第7次的open_list 43 42 103 104 145 147 127 165 166 148 186 149 206 207 208 
第7次删除后的open_list 43 42 103 104 145 147 127 165 166 148 186 149 206 207 
第7次的close_list 63 84 105 125 146 167 168 187 
当前路径为： 63 84 105 125 146 167 187 208 

_tmp_list 209 228 229 
第8次的open_list 43 42 103 104 145 147 127 165 166 148 186 149 206 207 209 228 229 
第8次删除后的open_list 43 42 103 104 145 147 127 165 166 148 186 149 206 207 209 228 
第8次的close_list 63 84 105 125 146 167 168 187 208 
当前路径为： 63 84 105 125 146 167 187 208 229 

_tmp_list 210 248 
第9次的open_list 43 42 103 104 145 147 127 165 166 148 186 149 206 207 209 228 210 248 
第9次删除后的open_list 43 42 103 104 145 147 127 165 166 148 186 149 206 207 209 228 248 
第9次的close_list 63 84 105 125 146 167 168 187 208 229 
当前路径为： 63 84 105 125 146 167 187 208 229 210 

_tmp_list 211 191 231 
第10次的open_list 43 42 103 104 145 147 127 165 166 148 186 149 206 207 209 228 248 211 191 231 
第10次删除后的open_list 43 42 103 104 145 147 127 165 166 148 186 149 206 207 209 228 248 211 191 
第10次的close_list 63 84 105 125 146 167 168 187 208 229 210 
当前路径为： 63 84 105 125 146 167 187 208 229 210 231 

_tmp_list 232 251 252 
第11次的open_list 43 42 103 104 145 147 127 165 166 148 186 149 206 207 209 228 248 211 191 232 251 252 
第11次删除后的open_list 43 42 103 104 145 147 127 165 166 148 186 149 206 207 209 228 248 211 191 232 251 
第11次的close_list 63 84 105 125 146 167 168 187 208 229 210 231 
当前路径为： 63 84 105 125 146 167 187 208 229 210 231 252 

_tmp_list 253 271 
第12次的open_list 43 42 103 104 145 147 127 165 166 148 186 149 206 207 209 228 248 211 191 232 251 253 271 
第12次删除后的open_list 43 42 103 104 145 147 127 165 166 148 186 149 206 207 209 228 248 211 191 232 251 271 
第12次的close_list 63 84 105 125 146 167 168 187 208 229 210 231 252 
当前路径为： 63 84 105 125 146 167 187 208 229 210 231 252 253 

_tmp_list 
第13次的open_list 43 42 103 104 145 147 127 165 166 148 186 149 206 207 209 228 248 211 191 232 251 271 
第13次删除后的open_list 43 42 103 104 145 147 127 165 166 148 186 149 206 207 209 228 248 211 191 232 251 
第13次的close_list 63 84 105 125 146 167 168 187 208 229 210 231 252 253 
当前路径为： 63 84 105 125 146 167 187 208 229 210 231 252 271 

_tmp_list 291 
第14次的open_list 43 42 103 104 145 147 127 165 166 148 186 149 206 207 209 228 248 211 191 232 251 291 
第14次删除后的open_list 43 42 103 104 145 147 127 165 166 148 186 149 206 207 209 228 248 211 191 232 251 
第14次的close_list 63 84 105 125 146 167 168 187 208 229 210 231 252 253 271 
当前路径为： 63 84 105 125 146 167 187 208 229 210 231 252 271 291 

_tmp_list 310 311 
第15次的open_list 43 42 103 104 145 147 127 165 166 148 186 149 206 207 209 228 248 211 191 232 251 310 311 
第15次删除后的open_list 43 42 103 104 145 147 127 165 166 148 186 149 206 207 209 228 248 211 191 232 251 310 
第15次的close_list 63 84 105 125 146 167 168 187 208 229 210 231 252 253 271 291 
当前路径为： 63 84 105 125 146 167 187 208 229 210 231 252 271 291 311 

_tmp_list 330 331 332 
第16次的open_list 43 42 103 104 145 147 127 165 166 148 186 149 206 207 209 228 248 211 191 232 251 310 330 331 332 
第16次删除后的open_list 43 42 103 104 145 147 127 165 166 148 186 149 206 207 209 228 248 211 191 232 251 310 330 331 
第16次的close_list 63 84 105 125 146 167 168 187 208 229 210 231 252 253 271 291 311 
当前路径为： 63 84 105 125 146 167 187 208 229 210 231 252 271 291 311 332 

_tmp_list 333 313 353 
第17次的open_list 43 42 103 104 145 147 127 165 166 148 186 149 206 207 209 228 248 211 191 232 251 310 330 331 333 313 353 
第17次删除后的open_list 43 42 103 104 145 147 127 165 166 148 186 149 206 207 209 228 248 211 191 232 251 310 330 331 333 313 
第17次的close_list 63 84 105 125 146 167 168 187 208 229 210 231 252 253 271 291 311 332 
当前路径为： 63 84 105 125 146 167 187 208 229 210 231 252 271 291 311 332 353 

_tmp_list 354 373 
第18次的open_list 43 42 103 104 145 147 127 165 166 148 186 149 206 207 209 228 248 211 191 232 251 310 330 331 333 313 354 373 
第18次删除后的open_list 43 42 103 104 145 147 127 165 166 148 186 149 206 207 209 228 248 211 191 232 251 310 330 331 333 313 373 
第18次的close_list 63 84 105 125 146 167 168 187 208 229 210 231 252 253 271 291 311 332 353 
当前路径为： 63 84 105 125 146 167 187 208 229 210 231 252 271 291 311 332 353 354 

_tmp_list 355 
第19次的open_list 43 42 103 104 145 147 127 165 166 148 186 149 206 207 209 228 248 211 191 232 251 310 330 331 333 313 373 355 
第19次删除后的open_list 43 42 103 104 145 147 127 165 166 148 186 149 206 207 209 228 248 211 191 232 251 310 330 331 333 313 373 
第19次的close_list 63 84 105 125 146 167 168 187 208 229 210 231 252 253 271 291 311 332 353 354 
当前路径为： 63 84 105 125 146 167 187 208 229 210 231 252 271 291 311 332 353 354 355 

_tmp_list 356 336 376 
第20次的open_list 43 42 103 104 145 147 127 165 166 148 186 149 206 207 209 228 248 211 191 232 251 310 330 331 333 313 373 356 336 376 
第20次删除后的open_list 43 42 103 104 145 147 127 165 166 148 186 149 206 207 209 228 248 211 191 232 251 310 330 331 333 313 373 356 336 
第20次的close_list 63 84 105 125 146 167 168 187 208 229 210 231 252 253 271 291 311 332 353 354 355 
当前路径为： 63 84 105 125 146 167 187 208 229 210 231 252 271 291 311 332 353 354 355 376 

_tmp_list 377 357 396 397 
第21次的open_list 43 42 103 104 145 147 127 165 166 148 186 149 206 207 209 228 248 211 191 232 251 310 330 331 333 313 373 356 336 377 357 396 397 
第21次删除后的open_list 43 42 103 104 145 147 127 165 166 148 186 149 206 207 209 228 248 211 191 232 251 310 330 331 333 313 373 356 336 377 357 396 
第21次的close_list 63 84 105 125 146 167 168 187 208 229 210 231 252 253 271 291 311 332 353 354 355 376 
当前路径为： 63 84 105 125 146 167 187 208 229 210 231 252 271 291 311 332 353 354 355 376 397 

_tmp_list 398 378 417 
第22次的open_list 43 42 103 104 145 147 127 165 166 148 186 149 206 207 209 228 248 211 191 232 251 310 330 331 333 313 373 356 336 377 357 396 398 378 417 
第22次删除后的open_list 43 42 103 104 145 147 127 165 166 148 186 149 206 207 209 228 248 211 191 232 251 310 330 331 333 313 373 356 336 377 357 396 398 378 
第22次的close_list 63 84 105 125 146 167 168 187 208 229 210 231 252 253 271 291 311 332 353 354 355 376 397 
当前路径为： 63 84 105 125 146 167 187 208 229 210 231 252 271 291 311 332 353 354 355 376 397 417 

_tmp_list 436 437 438 
第23次的open_list 43 42 103 104 145 147 127 165 166 148 186 149 206 207 209 228 248 211 191 232 251 310 330 331 333 313 373 356 336 377 357 396 398 378 436 437 438 
第23次删除后的open_list 43 42 103 104 145 147 127 165 166 148 186 149 206 207 209 228 248 211 191 232 251 310 330 331 333 313 373 356 336 377 357 396 398 378 436 438 
第23次的close_list 63 84 105 125 146 167 168 187 208 229 210 231 252 253 271 291 311 332 353 354 355 376 397 417 
当前路径为： 63 84 105 125 146 167 187 208 229 210 231 252 271 291 311 332 353 354 355 376 397 417 437 

_tmp_list 457 458 
第24次的open_list 43 42 103 104 145 147 127 165 166 148 186 149 206 207 209 228 248 211 191 232 251 310 330 331 333 313 373 356 336 377 357 396 398 378 436 438 457 458 
第24次删除后的open_list 43 42 103 104 145 147 127 165 166 148 186 149 206 207 209 228 248 211 191 232 251 310 330 331 333 313 373 356 336 377 357 396 398 378 436 438 458 
第24次的close_list 63 84 105 125 146 167 168 187 208 229 210 231 252 253 271 291 311 332 353 354 355 376 397 417 437 
当前路径为： 63 84 105 125 146 167 187 208 229 210 231 252 271 291 311 332 353 354 355 376 397 417 437 457 

O O O O * O * O * O O O O O O O * O O O              0    1    2    3    4    5    6    7    8    9   10   11   12   13   14   15   16   17   18   19
O O O O * * * O O * O O * * O O O O O O             20   21   22   23   24   25   26   27   28   29   30   31   32   33   34   35   36   37   38   39
O * * * O * O O O * O O O * * * * * * O             40   41   42   43   44   45   46   47   48   49   50   51   52   53   54   55   56   57   58   59
O * O S O O O * * * * O * * * O * O * *             60   61   62   63   64   65   66   67   68   69   70   71   72   73   74   75   76   77   78   79
* O O O 1 O O * * * O * O * * * * * * O             80   81   82   83   84   85   86   87   88   89   90   91   92   93   94   95   96   97   98   99
O * * * * 1 O * * O * O O * * * * O * O            100  101  102  103  104  105  106  107  108  109  110  111  112  113  114  115  116  117  118  119
O * * * O 1 O * O O * O * * * * * O O *            120  121  122  123  124  125  126  127  128  129  130  131  132  133  134  135  136  137  138  139
O O O * O * 1 * * * * * O O O * * * * *            140  141  142  143  144  145  146  147  148  149  150  151  152  153  154  155  156  157  158  159
O * O O * * * 1 * O * * * * * O O O * *            160  161  162  163  164  165  166  167  168  169  170  171  172  173  174  175  176  177  178  179
* * * * O O * 1 O O O * * O * * O * O O            180  181  182  183  184  185  186  187  188  189  190  191  192  193  194  195  196  197  198  199
* * * * * * * * 1 * 1 * O * O * O O O *            200  201  202  203  204  205  206  207  208  209  210  211  212  213  214  215  216  217  218  219
* O * * * * * O * 1 O 1 * O O * * * * *            220  221  222  223  224  225  226  227  228  229  230  231  232  233  234  235  236  237  238  239
O * * * * * O O * O O * 1 * O * O O * O            240  241  242  243  244  245  246  247  248  249  250  251  252  253  254  255  256  257  258  259
O * * * O O O O * * O 1 O O O * O * O O            260  261  262  263  264  265  266  267  268  269  270  271  272  273  274  275  276  277  278  279
* O O O O * * * * O O 1 O * * * * O * *            280  281  282  283  284  285  286  287  288  289  290  291  292  293  294  295  296  297  298  299
* * * * * O O O * * * 1 O * * O * * O *            300  301  302  303  304  305  306  307  308  309  310  311  312  313  314  315  316  317  318  319
O O O * * O O O * * * * 1 * O O * * * O            320  321  322  323  324  325  326  327  328  329  330  331  332  333  334  335  336  337  338  339
O O * O O * O * * * * O O 1 1 1 * * * O            340  341  342  343  344  345  346  347  348  349  350  351  352  353  354  355  356  357  358  359
O O * O * * O * O * O * O * O O 1 * * *            360  361  362  363  364  365  366  367  368  369  370  371  372  373  374  375  376  377  378  379
* O * * * * O * * * O * O * * O * 1 * *            380  381  382  383  384  385  386  387  388  389  390  391  392  393  394  395  396  397  398  399
O * O * O * O * * * * * * * * * O 1 O *            400  401  402  403  404  405  406  407  408  409  410  411  412  413  414  415  416  417  418  419
O * O * O * * * * O * * O * O * * 1 * *            420  421  422  423  424  425  426  427  428  429  430  431  432  433  434  435  436  437  438  439
O * * * O O * * * * * * * * * * O E * O            440  441  442  443  444  445  446  447  448  449  450  451  452  453  454  455  456  457  458  459
O * O * * * * * * O * * * * * O * * * O            460  461  462  463  464  465  466  467  468  469  470  471  472  473  474  475  476  477  478  479
O O * * * * O * O O * * * O O * * O O *            480  481  482  483  484  485  486  487  488  489  490  491  492  493  494  495  496  497  498  499
有通路，路径为： 63 84 105 125 146 167 187 208 229 210 231 252 271 291 311 332 353 354 355 376 397 417 437 457 